Speedy results sot len 
TUMOR-C-11-N-GEM-28-L-01-09: 			 0.0397250652313
TUMOR-C-11-N-GEM-28-L-02-09: 			 0.00324702262878
TUMOR-C-11-N-GEM-28-L-03-09: 			 0.0672941207886
TUMOR-C-11-N-GEM-28-L-01-09_MK-2206_Conc1nM: 			 0.143550872803
TUMOR-C-11-N-GEM-28-L-01-09_MK-2206_Conc5nM: 			 4.79221343994e-05
TUMOR-C-11-N-GEM-28-L-02-09_MK-2206_Conc1nM: 			 3.40938568115e-05
TUMOR-C-11-N-GEM-28-L-02-09_MK-2206_Conc5nM: 			 4.6968460083e-05
TUMOR-C-11-N-GEM-28-L-03-09_MK-2206_Conc1nM: 			 4.6968460083e-05
TUMOR-C-11-N-GEM-28-L-03-09_MK-2206_Conc5nM: 			 3.00407409668e-05
TUMOR-C-11-N-GEM-28-L-01-09_MK-2206_Conc10nM: 			 2.59876251221e-05
TUMOR-C-11-N-GEM-28-L-01-09_MK-2206_Conc50nM: 			 2.69412994385e-05
TUMOR-C-11-N-GEM-28-L-02-09_MK-2206_Conc10nM: 			 0.077919960022
TUMOR-C-11-N-GEM-28-L-02-09_MK-2206_Conc50nM: 			 8.98838043213e-05
TUMOR-C-11-N-GEM-28-L-03-09_MK-2206_Conc10nM: 			 4.88758087158e-05
TUMOR-C-11-N-GEM-28-L-03-09_MK-2206_Conc50nM: 			 3.71932983398e-05
TUMOR-C-11-N-GEM-28-L-01-09_MK-2206_Conc0.1nM: 			 3.09944152832e-05
TUMOR-C-11-N-GEM-28-L-01-09_MK-2206_Conc0.5nM: 			 2.90870666504e-05
TUMOR-C-11-N-GEM-28-L-02-09_MK-2206_Conc0.1nM: 			 2.69412994385e-05
TUMOR-C-11-N-GEM-28-L-02-09_MK-2206_Conc0.5nM: 			 2.59876251221e-05
TUMOR-C-11-N-GEM-28-L-03-09_MK-2206_Conc0.1nM: 			 2.69412994385e-05
TUMOR-C-11-N-GEM-28-L-03-09_MK-2206_Conc0.5nM: 			 3.48091125488e-05
TUMOR-C-11-N-GEM-28-L-01-09: 			 0.0535399913788
TUMOR-C-11-N-GEM-28-L-02-09: 			 0.177155017853
TUMOR-C-11-N-GEM-28-L-03-09: 			 0.000125885009766
TUMOR-C-11-N-GEM-28-L-01-09_MK-2206_Conc1nM: 			 5.88893890381e-05
TUMOR-C-11-N-GEM-28-L-01-09_MK-2206_Conc5nM: 			 4.6968460083e-05
TUMOR-C-11-N-GEM-28-L-02-09_MK-2206_Conc1nM: 			 0.000104904174805
TUMOR-C-11-N-GEM-28-L-02-09_MK-2206_Conc5nM: 			 6.19888305664e-05
TUMOR-C-11-N-GEM-28-L-03-09_MK-2206_Conc1nM: 			 0.0639290809631
TUMOR-C-11-N-GEM-28-L-03-09_MK-2206_Conc5nM: 			 6.50882720947e-05
TUMOR-C-11-N-GEM-28-L-01-09_MK-2206_Conc10nM: 			 3.981590271e-05
TUMOR-C-11-N-GEM-28-L-01-09_MK-2206_Conc50nM: 			 5.19752502441e-05
TUMOR-C-11-N-GEM-28-L-02-09_MK-2206_Conc10nM: 			 3.2901763916e-05
TUMOR-C-11-N-GEM-28-L-02-09_MK-2206_Conc50nM: 			 3.40938568115e-05
TUMOR-C-11-N-GEM-28-L-03-09_MK-2206_Conc10nM: 			 4.10079956055e-05
TUMOR-C-11-N-GEM-28-L-03-09_MK-2206_Conc50nM: 			 3.2901763916e-05
TUMOR-C-11-N-GEM-28-L-01-09_MK-2206_Conc0.1nM: 			 0.00086498260498
TUMOR-C-11-N-GEM-28-L-01-09_MK-2206_Conc0.5nM: 			 5.29289245605e-05
TUMOR-C-11-N-GEM-28-L-02-09_MK-2206_Conc0.1nM: 			 3.81469726562e-05
TUMOR-C-11-N-GEM-28-L-02-09_MK-2206_Conc0.5nM: 			 3.50475311279e-05
TUMOR-C-11-N-GEM-28-L-03-09_MK-2206_Conc0.1nM: 			 3.09944152832e-05
TUMOR-C-11-N-GEM-28-L-03-09_MK-2206_Conc0.5nM: 			 4.48226928711e-05
